$ANSIBLE_VAULT;1.1;AES256
61656562656165633538663465393363313935383233346333633631313036383066323233663033
3633306163353234333763356630323834633536393730620a346665363832613862636237333637
37643836383338663339643031386565656362666161383935353834316162663636313131373465
6464366436336331650a643030333434653533663235306135376665663035343239393465323461
31353961613062343762333430363039643064333734623430316539656134396265363738633732
38333266323764653537366561323830336361393563356637383434393334666231383436383463
61373462636333636666653833333531326139613634633062653834383361666639343131666234
34393833653935333038636532646536643439356533663966326639613263656666316363316361
38353965616431376230326639393661666639376230376339623037626564393965393737616435
36663439313063623765323330636639643036303034373438646631343337343633663439363930
35623831366330613238353561393763633366306331333533343265393265346337636531353138
61363937396538653534306662663932623034363164633038336334363763633330363566666535
36373139306336363239636465366164313864313766376633613031353435333637633131393634
31616434373730626565393137616166636631393733323835643938303263363432343038303063
61663835386133306439653262623832396265353437663832353936613961623634643061396634
36333735303130326665303830376131633236323064323665356136353636373964646331306336
63623632616634313238313234373931336333663439616261616165643564336361636233663966
30376237646530626662346134663332316331666439636365393735343465346533383932343430
62346538613431306531366630626333393861333432393339383335343538396632353034363362
37613763303864393263363534633630316364346538633865383163643934623736633630373862
31373165613036363138613839616462663364363635623336376430363733323565613936656363
62336630633233343430363939646262653039623962653933346563353630643231393466326432
65386566363637343830356235323836383536343139616335326234386231626666336361623837
32613066333630366135
